458 0 1 0 0 0 2 1 2 5 0 0 1 0 0 0 0 1 2 0 0 8 0 0 0 5 1 0 1 2 0 3 0 7
0 462 0 0 0 0 9 0 0 0 0 0 1 11 1 0 0 0 0 0 0 0 0 0 4 0 3 0 2 0 7 0 0 0
0 0 479 2 0 0 0 0 0 0 2 1 0 0 0 0 2 0 0 0 0 0 0 0 0 0 2 0 3 0 5 0 4 0
2 3 3 428 0 0 0 0 0 1 1 0 0 0 0 0 0 0 1 0 0 0 0 0 0 0 5 0 30 15 0 0 0 11
0 1 1 0 462 9 1 1 1 4 1 6 2 0 2 0 1 2 2 0 0 0 0 0 0 0 0 0 0 0 0 0 4 0
2 1 0 0 26 395 4 0 2 4 0 5 8 0 1 0 22 2 3 1 0 0 0 11 0 0 1 0 0 2 0 1 9 0
2 5 0 0 1 1 451 0 0 1 0 1 2 27 6 0 0 1 0 0 0 0 0 0 0 0 0 0 0 1 0 1 0 0
9 0 1 0 0 1 0 434 1 3 0 1 0 0 2 0 0 0 1 0 0 0 0 0 0 40 0 0 0 0 0 4 1 2
7 0 0 1 2 1 0 0 483 0 0 0 0 0 0 0 0 0 0 0 0 0 0 0 0 0 1 0 1 0 0 1 0 2
6 0 0 0 12 5 2 1 2 421 0 3 0 1 2 0 0 4 14 0 0 3 0 1 0 5 1 0 3 0 0 2 6 6
2 0 7 0 0 1 1 0 0 0 415 5 10 1 18 0 2 6 0 0 0 2 0 1 0 0 13 0 2 0 6 1 7 0
0 2 3 1 6 7 4 0 1 1 5 352 42 2 23 0 2 17 1 0 0 0 0 5 0 2 1 0 1 1 0 3 15 3
0 0 0 0 3 4 4 0 0 0 4 18 416 3 25 0 2 3 0 0 0 0 0 3 2 0 3 0 0 0 0 0 10 0
1 14 0 3 0 0 41 1 0 0 0 0 2 412 18 0 2 0 0 0 0 0 0 0 4 0 2 0 0 0 0 0 0 0
0 0 0 0 0 0 7 0 0 0 7 7 18 6 448 0 0 2 0 0 1 0 0 0 0 0 0 0 0 1 0 0 2 1
0 0 0 0 0 1 0 0 0 0 0 0 0 0 0 66 0 0 0 0 0 0 2 0 0 0 0 0 0 0 0 0 0 0
1 1 8 0 3 24 0 0 0 0 1 1 2 0 0 0 444 0 0 0 0 0 0 4 0 1 1 0 0 0 1 1 7 0
8 6 0 0 1 10 20 0 0 3 7 17 23 4 20 0 0 336 3 0 0 2 0 17 1 0 10 0 1 2 1 7 0 1
8 2 0 1 3 2 0 0 3 7 0 0 1 1 1 0 0 0 432 0 0 2 0 0 0 4 0 0 0 1 2 27 2 1
0 0 0 0 3 9 0 0 0 0 0 0 0 0 0 0 0 0 0 155 0 0 0 0 0 0 0 0 0 0 0 0 0 0
13 0 0 0 0 1 0 0 1 1 0 0 1 0 0 0 0 0 0 0 473 4 0 0 0 2 1 0 0 0 1 1 0 1
38 0 0 2 0 0 0 0 0 2 4 2 0 0 0 1 0 1 0 0 1 439 0 0 0 1 1 0 5 1 0 0 1 1
0 0 0 0 0 0 0 0 0 0 0 0 0 0 0 0 0 0 0 0 1 0 150 0 0 0 0 0 0 0 0 0 3 1
4 0 4 0 5 40 2 0 0 0 1 8 7 1 4 0 22 12 1 0 0 0 0 383 0 0 0 0 0 0 0 2 3 1
0 7 0 0 1 0 16 0 0 0 1 0 3 27 3 0 0 2 0 0 0 0 0 0 437 0 0 0 0 0 0 2 0 1
4 0 0 0 0 0 0 26 2 6 0 0 1 0 0 0 0 1 7 0 0 0 0 0 0 438 0 0 0 0 0 12 3 0
3 6 1 1 0 0 2 0 0 0 5 1 0 3 3 0 0 3 0 0 0 0 0 1 0 0 457 0 8 0 3 1 1 1
0 0 0 0 0 0 0 0 0 0 0 0 0 0 0 0 0 0 0 0 0 0 0 0 0 0 0 168 0 0 0 0 0 0
2 2 0 12 0 0 0 0 0 0 0 0 0 0 0 0 0 0 2 0 0 0 0 0 0 0 4 0 475 1 0 0 0 2
1 1 0 1 0 0 0 0 1 0 0 0 0 0 1 0 0 0 0 0 0 0 0 0 0 0 1 0 4 486 0 0 0 4
0 11 10 1 0 0 0 0 0 0 1 0 1 0 0 0 0 0 0 0 0 1 0 0 0 0 3 0 1 1 470 0 0 0
8 0 0 0 0 1 1 0 2 0 0 0 2 0 1 0 0 0 8 0 0 0 0 0 0 6 0 0 0 0 0 465 2 4
0 0 2 0 2 4 0 0 0 0 4 7 6 0 0 0 8 0 0 0 0 0 0 0 0 0 1 0 0 0 0 0 464 2
3 1 2 0 4 0 0 1 3 1 0 0 0 0 0 0 0 0 1 0 0 0 0 0 0 3 0 0 5 2 1 5 1 467
